641.0931877897947
841.7947248995114
432.8276537864501
608.676269883634
53.62328379348071
745.6527586626719
660.158974539689
802.0747767192784
258.82718050468077
471.1822269302588
680.5838818459061
863.0635304837785
933.3085193866248
784.2829782229105
694.1118918267571
532.8318915929033
343.9034324082513
567.4955096016433
719.5046968769949
650.0903072968513
500.5875237116455
905.6346404137665
902.1021022877999
129.66993029483388
36.098019933739465
135.78473387019676
279.52556154435524
533.0010692477381
918.8041896189517
818.6525451821734
921.4856797854108
744.0681897282814
79.47630595840417
434.60376815369034
966.9531001023068
913.5289018888748
324.2311264287797
179.30868674280669
303.16321427813295
751.749233860568
467.77845630000274
738.3023280530067
665.7818716954633
115.31471321305082
109.49489678066948
864.3661995421962
574.5165301637235
594.1813249720078
909.7363437294479
440.9714160010409
840.1249424964924
910.7770389686068
796.6781024009699
290.0981374597998
3.600132284465303
22.26298939801825
105.85781231921624
917.2548527048704
669.0628243090275
343.06695450391044
75.20171753363343
132.7444788066697
310.06992417445986
946.0130948231115
754.1896283456157
357.0415113751336
124.6905029429638
663.1369514108519
208.9424070625464
138.25926325460966
85.87293942616054
79.03571487285001
73.85571789484584
994.9281122198213
229.65854835223467
996.3202439160758
528.3185312911252
955.2629764247838
8.235701978628413
324.5376391835182
909.2425675419512
166.78764850345078
204.27187880795736
9.076524067521063
817.1369648296427
422.0933146381194
640.411540409785
722.4045566758973
287.6453683857435
377.6444740933804
483.78441945355814
907.8464329924852
311.15874788803933
273.7821724222789
17.8288950836627
647.0728703574923
100.28969848849852
9.857426175219757
204.76089558753063
650.623333973153
815.2749710811037
514.2550600305035
997.2888809229979
609.1161192292748
920.756506689261
145.89185483653227
87.12830783594575
552.9315171109806
778.2626082064759
692.1230875522531
868.2622759888218
201.7474618998749
823.6406056592499
945.8452514901408
8.922103624868782
321.70510031991455
238.5240260395516
486.8008049545989
113.19515050801658
300.8681644276935
313.65309172229945
529.524675666846
43.740484401466574
300.84882042731203
330.7337567200583
2.7197729539315105
736.6211774176982
223.03501532808548
288.1306021217715
878.9256596925441
306.57279952648
94.95863790447208
557.547041828656
807.1456948641421
296.5711458998304
161.9813925916743
864.4369780246295
513.1871917431229
39.45661740626008
895.4625803878292
49.960524766100775
988.2793491688964
553.665621612314
64.25769669717704
816.2912215132214
793.0650698973064
565.3875420423324
795.4941076317958
842.1222128602294
159.516422763964
252.4469603672825
416.087306156768
690.2592771260706
7.318272772730666
915.99984488248
35.09983305939852
718.2201302610183
463.7120359610029
376.57243274881193
554.2289784447239
238.22255330495693
939.3527121458669
685.8016929582126
48.28919142245002
209.21297879347742
512.6106093199983
300.9011681743491
63.001535277299354
412.8409447316217
259.09965153856456
848.8376962849376
442.277982892822
268.64466411650017
851.2195299962151
685.9939389304284
765.2635484979049
340.829839841585
922.4372290877228
776.7303090032242
28.353625508962978
438.5268529603668
384.9377038890973
965.5932982900665
702.9352598361378
830.727546325572
165.3979546046644
143.65978205628244
432.00429321214926
847.7128564064017
503.700375167201
60.61589331832522
649.8830876670975
631.7191099561023
254.57786258429053
148.4279851725937
776.8833929930877
90.50525775374444
679.4740334850308
594.6264196816953
539.1747619989743
686.1432660550071
936.9897246417825
78.43661036643778
450.3568918641147
888.7242894687247
199.58098455218078
109.10326075895523
85.39430870860656
115.31689175357872
165.69486881680245
992.9953451936966
8.054338491491876
802.2351159767696
915.4695866076207
432.64213078494663
444.71442438742827
545.854541731412
86.80607818366275
668.7214805938596
834.1842251755684
59.03687251156282
86.7853104350628
794.9163656134514
895.1552127258321
831.5305504970304
728.3395777622588
697.9767878525288
398.9031330913456
707.6635572896789
444.52173060665916
227.23760544852325
275.8198075036453
226.0563376365085
585.8153764563099
971.1858527418016
261.0918776807339
678.8465712590366
9.509733685268998
564.1785955523383
610.3714771649563
183.27773318979837
284.0082408875792
646.2592911166141
28.16372698175553
920.5347952862631
309.2030459648972
924.9387042390535
970.8335294910981
777.4153477246849
209.62030433883797
682.8489477553005
262.58584824246975
442.23814479581927
421.49601443898507
684.4024288084381
161.12392605902664
214.24361469806468
35.23461513914492
981.6237339488737
972.6145699281952
452.70479816105353
601.6608594919719
107.67771951400869
291.8233917821361
809.0269624941054
347.3010017313517
717.4209408030863
147.16343842645313
179.5290675149032
488.1245075890548
208.58161999657386
437.27995116526586
615.0710197078118
906.9393023657949
614.2722937063468
80.9106079690705
595.3408404554916
864.096221904371
603.3893298570265
815.3705569549356
444.2856177395347
813.4054611143381
375.512535240067
204.3636736858474
654.9835989170065
155.4038714536414
170.55830576272785
99.50805965583265
875.7422980863395
947.9721081244907
850.3957692770664
50.50171441515499
760.8668549218178
604.8861414762052
774.8149957544417
370.94909177365673
634.4611718183994
266.48182875143743
374.1360168047337
967.4862032905113
806.9012884857942
977.0104340334955
545.7656079602841
684.147440502896
599.9760527391188
141.85808103789986
485.79880844386525
586.8791211184523
621.1496207454172
35.534227620527076
361.5573100499523
21.74417271254231
934.3370727166621
117.49553092002077
552.7844596600867
921.040592664513
928.5102754316506
214.4279047844028
810.48882785056
209.49932442470026
451.7207756916134
924.392060293339
546.2936434246064
950.9445251053418
514.3899082611822
697.7941215990704
426.11635508964275
741.1050815870476
806.4280756157757
148.21500545317406
99.70941548841665
641.8570728891807
36.85701417405778
22.708951659318586
823.193713796229
722.7250505181512
6.501934322473403
698.5689662071513
615.0101911039111
355.8981322175929
662.9618802375184
128.30179674719216
274.17680418831515
849.1330302929025
276.41950555026574
397.93537456395734
810.5509134150145
708.8699384602721
345.8119689257617
542.3497542259713
771.3439919882841
207.89207467563074
264.13723681570673
428.5753409151117
74.73988478425713
908.7285797479617
129.96872396620404
28.187446655093026
659.5417273763494
142.2841529183272
91.44079696571828
495.8290312812692
220.86455731954345
731.3015228395934
983.9159580180573
797.3755208282334
688.8249188563016
47.479722351211535
567.0354384358454
155.43037020722363
853.6946833650022
268.23572657314855
776.1478641260294
303.17826168985357
213.9663055005003
833.1809587224657
345.2267871914023
100.37998161732548
861.9251005415331
178.30076173257373
692.0373061214332
238.99784184598536
944.8562528206878
286.1357338826756
929.7963692250235
544.6354003971215
87.13940302045978
282.02638544035733
775.6763571209519
852.1664757625683
233.47121709058422
913.5116697929429
270.8191734113518
495.7468507801714
761.440453065709
399.73125227914363
924.8493509788156
760.2270759242774
763.7565717969931
981.9155037444137
291.0347718652806
576.1281508690024
81.62954696599729
346.57037473906644
133.69981783349033
576.917360313833
156.8477524249929
560.3560918488722
22.707812089086474
596.9043301493489
705.617632579195
500.50347568053724
89.09334855250802
278.6301626755994
262.7669881546648
254.17610247075572
699.4994214271699
342.9919110506885
326.5376746392643
656.710549172584
389.4803468332166
289.1273049003346
374.71659912831853
847.2975347635668
553.1545076531443
783.0568264989691
755.158637625858
253.39817427246385
648.649944971485
580.794296540357
162.53515664346583
442.4109905978206
393.4248658872426
259.9066059193766
361.2145125324565
493.76658790541995
968.9634443167137
681.4287813624844
408.1238087454767
51.83120712447078
658.2320587416281
852.0457034417702
11.581105943769558
481.6985252687989
972.1291415990881
942.4382679561068
131.73365841550378
293.4501932838979
451.04064620106124
328.3250501089984
333.60894752288687
2.637447425074356
979.720894248377
310.49817223769
39.54436344538101
140.8321247529998
788.6241675801784
938.2530679935091
435.17369311564835
882.324544251036
645.2700226957605
895.2292033294069
85.20585525376282
598.9037182215011
718.6868500612618
224.79541625664478
467.4025029825375
75.74538542135497
37.864569030254415
313.1633690275396
445.40663420733824
593.497736953447
909.9550082264168
565.4178140219936
788.2062250561473
570.6996282498018
201.64890339703004
663.8191146618336
699.5456840598424
426.8812210681982
664.5733815172737
160.18895703166368
875.4451742886896
383.4779773023554
257.0632434536078
233.59728967890123
311.46083608921947
412.74668133305477
829.8045736114864
512.4730317478004
83.86389618706653
230.69882462628573
406.6075272877713
319.75433541245343
345.642753394254
98.45637237792437
976.861402479634
430.7773955676719
572.7216169532302
847.4608419221966
35.61122666756785
577.7676197214992
6.348406522709979
738.7159038892937
106.8082844857662
917.249420625661
760.4751873153853
503.8350870093082
994.1800733600392
549.000326869317
27.235553458133154
461.0041893559983
276.5548561349459
597.436347801203
596.5860391124083
443.3294424967894
492.3668669987821
341.8340704028834
909.0091052977771
135.84717619958394
956.1278563986755
18.186567098430487
2.4668783108826347
930.7529791756392
449.16508211044936
676.5301618646145
948.7857692039871
243.46125386632264
465.6942407262595
425.7318400079955
911.5770662662454
75.05824891246334
144.34826428410156
173.53095489326563
681.5578281426649
940.889793992127
80.64548589601509
80.31916322423854
733.0651038780161
529.1737920159876
394.31221064136923
613.1767057863804
587.2301796721983
58.765143209298685
769.9799384751307
227.28974175612063
503.91407033843427
913.3582138565289
402.592758321731
52.77490177000209
129.5665647516248
977.1916806849762
961.0952582761529
587.1915670962526
352.6084967281772
1.4046631787617798
650.1171443996845
829.625705826355
0.35647303188238766
653.2661795619962
996.1703955105571
28.204558145746887
709.0671477231132
557.6588138645914
853.571848765225
905.1327868024401
816.651343718218
86.03865903510598
958.3331976084821
562.0053292540372
417.5051296813473
895.1408973068094
254.45261916390837
109.2769304514145
310.168512449172
620.7834752995727
524.2204752620446
23.28007107168503
208.97421324674792
729.3607472549227
502.6546316572996
16.565099025096742
507.34509127575546
504.8067753449077
914.9733748203342
331.4524765455444
366.05853640889904
686.6958008329993
698.4097425076636
815.7581303371189
194.35787601919924
940.0549739588695
775.2549534882096
520.8522566235558
192.89597023139777
414.54688325522386
458.0122871925287
821.3201533645083
177.74968773921398
187.6804478931657
305.10937400640864
342.11464939954703
60.78892925845878
64.17586114667733
399.19838879718134
186.8137895473883
536.2806059389632
158.95424803319634
512.9230416562996
819.0854116669991
45.94671873646473
954.9067274248836
136.47686471337158
720.0105704819232
375.07561620029117
898.9681262425489
298.84056370487997
710.525898642994
603.2798315561545
665.8151474308011
703.3362876784107
805.6050383347417
455.50063039259453
874.1366087577749
279.86916530966755
445.51013579118137
453.4275429504187
68.93349226499959
387.67574421985614
320.4659704380837
281.26182958389313
645.0558308245608
921.9016018510542
568.841249543647
775.2226158646603
362.97992421122217
980.3075160225972
664.3248532433012
214.16633703985178
454.83632192915593
423.64408881123745
850.012103215257
296.04092934722644
399.6172570692204
85.66741161218806
621.2722440840593
302.0088393975793
736.5727356563381
458.8010997473124
190.99304534725457
960.556001047808
25.458373733176018
662.1902453906782
858.0622488516956
500.2733002660752
31.407595108811506
623.8225179364932
237.70199919348454
511.8382959234873
767.7469952926814
866.9834333118505
459.952822104641
312.319374595202
937.8031163453202
888.422226399307
2.5447285775961745
860.1963928269622
652.9257022361735
980.0541472388672
817.4867305330936
680.8321943567718
382.44998584518464
511.38140141741496
650.097427311533
869.970859953524
581.5572924115374
33.35757939591974
963.7845753181878
730.0738505428014
826.3297708700027
392.1911334896223
346.0935091007236
149.89005293835567
912.8683903158795
915.1853699072971
822.7683046091495
82.66300921824075
425.61841324476086
186.71400064035163
791.8050906961439
761.9077082845849
927.3023282271753
156.9249212572597
558.2542569992036
312.9161533963969
241.30371897392968
844.5817397176615
384.9097713145327
425.75082080409686
422.9909773441018
662.3352581535828
654.3234182071272
577.2404315419501
337.7031706862972
597.1348470447052
273.8945197403216
275.10839655689824
308.99616100056085
605.5901992985766
343.867772277394
483.3152771610047
71.21396374507037
329.3629998101529
670.8814042278682
99.66791916448403
859.5956726151351
257.38663396292407
802.6282596219388
890.5141442674578
634.0758297700065
362.13838739815105
503.9825641607126
462.61321307772107
972.8258305900832
113.15635311478616
483.0077414587381
926.9683234374331
617.4647447945579
6.874630954015743
632.3103550923189
164.64761481868504
152.2251355130045
539.8005212875241
178.9478286977702
471.7625929013466
285.07616749506167
273.73369384689704
862.7710303024022
534.7651525708238
967.3651548240133
250.05627962799247
665.6071416664556
424.10429372782403
979.4070085111298
238.50471736778434
93.97466523386117
824.5490117764791
220.29400213394808
595.7460506796941
557.0208589702413
54.90397045972202
76.80472093986748
637.8511735331224
465.6168717018047
898.8175107426845
257.52670230689046
996.7936533900389
979.0178323587759
858.0508255257769
48.59680170307615
846.6081190009488
884.5386212229075
625.7378514857126
404.78264719763047
128.90783891969784
950.3606114701023
90.877107938069
505.9686683301304
585.8883030546097
13.25466218987583
21.66978110422906
308.5126707508857
581.9455453245107
127.41518178543924
986.2643617928978
686.6132023554301
71.01339097623713
570.9288178801241
512.7123953866277
534.9218197364139
466.2033468970327
294.57313786729924
996.5318782101874
975.9392932153136
528.8187074716825
578.5402351014125
373.40679963991886
387.15312311994774
959.0174669775574
170.06027118404984
440.0528555131373
302.45974326212195
450.68887009796686
544.9012130508368
461.01482109129813
668.4091579280498
736.8968577709381
23.393637718838022
836.3205510412548
399.8085490160456
655.925380421198
634.9463113226661
217.86080835066457
765.890830313282
373.2458264107097
552.907367928744
539.0578047675124
369.6382506588566
738.9546399013634
453.19246976437614
852.6438797738724
646.8913065645481
424.63356340745054
179.79892573874167
741.3866423962738
730.241315061749
533.110054643608
115.49555929620624
757.1138327170567
816.4857829777816
259.04930804981325
348.6368543991408
873.1027179103314
255.862051849493
148.18943719137405
573.4143078611733
231.34318143065934
578.1322245553688
352.1614565073886
148.05852750639508
776.2342214068658
317.10251404822156
826.736203099336
594.4626106956617
181.1815168492941
844.3870665293437
940.1311716277661
545.4940940072129
914.1291055553095
215.03633070500427
866.4513479171474
844.5581927336972
807.6700624586991
371.0315157226403
534.2453676784089
656.837617489416
651.3801155873466
598.2653886015088
962.6013975624905
457.31239803805727
101.2695117218882
181.41545991674286
823.9515111218823
512.0707873141034
999.0843614542076
36.296654688799435
674.3344113039957
461.3767702679346
809.3251523486383
702.5938184683911
843.447565209362
106.80265771240579
968.410684497606
226.89317583915488
450.5922014016603
450.0832736986904
775.0142203373475
830.6272895631753
426.88486006882863
387.157693275802
829.3402176471055
532.7373142319752
110.56310062667933
200.83397126510943
288.2265910303636
864.4571114918929
925.0558653882417
292.36382014351864
86.43142578822722
961.4196053773703
628.4185388883946
328.542322594835
41.22044360747918
11.758544031661245
653.1535882146122
120.65812823603585
781.3225033300018
755.3369707618641
263.37242885033334
578.7855921442558
445.2278935765411
999.5103461081225
434.0601867747737
520.5734952660772
147.5680785787788
992.1598685945241
842.3305425123723
7.8643569183133195
793.6862946121736
997.6634404775193
856.4554854926117
311.5732346960484
519.3573138027288
250.38915708169407
629.0808421044828
817.2089059563901
271.1031812221555
505.55241468052657
563.1703213917291
909.1839464750126
564.2261047046595
201.6178390744259
80.21130640083197
923.9353264891004
865.9313720286195
719.7209900037251
171.399197207258
859.5859962724314
465.5619213482846
918.0678727411585
678.6454996878977
143.77555428651704
591.2723125613265
354.5241244115173
406.55606075473634
789.7384179498523
356.07697269762957
333.6077427817786
172.64210916824345
873.8013149223148
421.2185795217539
301.7919177530414
90.50984642124638
320.3003247097887
816.6514569504216
50.98431046036819
410.46545695929035
802.4035921536471
768.0102446079924
648.824366283264
535.5779736065159
591.9690367158082
146.7489353136882
806.1357075065245
650.4869961206164
298.73678589065514
193.82235972134868
14.413947953399315
525.9403853308393
131.89702976967828
517.4712272800659
323.09286487954057
906.0440020229455
356.3456147222273
621.9850593245725
477.0580994771814
162.46035305201247
303.5821950939263
574.140112077274
831.4845010546795
240.92366008813178
137.81382014740507
111.9148597752851
51.94687112160307
76.90188455418695
739.6004898856663
824.6759852729796
655.6464212645135
687.0211541404781
257.76913471948944
195.44362550520725
582.6108803518155
936.5069325643186
956.7585167842261
298.9549996995894
466.9151438551547
835.9458913446015
514.376953601115
936.3587102249777
947.2919059367989
835.1817368494718
422.41856482675485
281.72684470027593
192.9928960352521
534.815507167483
631.6019813936957
703.7847961730554
381.39249671115533
941.9302856469683
278.2429395205436
802.1544294655557
831.0290429408079
612.2875441881124
598.7403290597165
913.3048772337701
666.4676210016002
37.33195811840369
789.5077990728324
753.405319260917
