0.356473
1.40466
2.46688
2.54473
2.63745
2.71977
3.60013
6.34841
6.50193
6.87463
7.31827
7.86436
8.05434
8.2357
8.9221
9.07652
9.50973
9.85743
11.5811
11.7585
13.2547
14.4139
16.5651
17.8289
18.1866
21.6698
21.7442
22.263
22.7078
22.709
23.2801
23.3936
25.4584
27.2356
28.1637
28.1874
28.2046
28.3536
31.4076
33.3576
35.0998
35.2346
35.5342
35.6112
36.098
36.2967
36.857
37.332
37.8646
39.4566
39.5444
41.2204
43.7405
45.9467
47.4797
48.2892
48.5968
49.9605
50.5017
50.9843
51.8312
51.9469
52.7749
53.6233
54.904
58.7651
59.0369
60.6159
60.7889
63.0015
64.1759
64.2577
68.9335
71.0134
71.214
73.8557
74.7399
75.0582
75.2017
75.7454
76.8047
76.9019
78.4366
79.0357
79.4763
80.2113
80.3192
80.6455
80.9106
81.6295
82.663
83.8639
85.2059
85.3943
85.6674
85.8729
86.0387
86.4314
86.7853
86.8061
87.1283
87.1394
89.0933
90.5053
90.5098
90.8771
91.4408
93.9747
94.9586
98.4564
99.5081
99.6679
99.7094
100.29
100.38
101.27
105.858
106.803
106.808
107.678
109.103
109.277
109.495
110.563
111.915
113.156
113.195
115.315
115.317
115.496
117.496
120.658
124.691
127.415
128.302
128.908
129.567
129.67
129.969
131.734
131.897
132.744
133.7
135.785
135.847
136.477
137.814
138.259
140.832
141.858
142.284
143.66
143.776
144.348
145.892
146.749
147.163
147.568
148.059
148.189
148.215
148.428
149.89
152.225
155.404
155.43
156.848
156.925
158.954
159.516
160.189
161.124
161.981
162.46
162.535
164.648
165.398
165.695
166.788
170.06
170.558
171.399
172.642
173.531
177.75
178.301
178.948
179.309
179.529
179.799
181.182
181.415
183.278
186.714
186.814
187.68
190.993
192.896
192.993
193.822
194.358
195.444
199.581
200.834
201.618
201.649
201.747
204.272
204.364
204.761
207.892
208.582
208.942
208.974
209.213
209.499
209.62
213.966
214.166
214.244
214.428
215.036
217.861
220.294
220.865
223.035
224.795
226.056
226.893
227.238
227.29
229.659
230.699
231.343
233.471
233.597
237.702
238.223
238.505
238.524
238.998
240.924
241.304
243.461
250.056
250.389
252.447
253.398
254.176
254.453
254.578
255.862
257.063
257.387
257.527
257.769
258.827
259.049
259.1
259.907
261.092
262.586
262.767
263.372
264.137
266.482
268.236
268.645
270.819
271.103
273.734
273.782
273.895
274.177
275.108
275.82
276.42
276.555
278.243
278.63
279.526
279.869
281.262
281.727
282.026
284.008
285.076
286.136
287.645
288.131
288.227
289.127
290.098
291.035
291.823
292.364
293.45
294.573
296.041
296.571
298.737
298.841
298.955
300.849
300.868
300.901
301.792
302.009
302.46
303.163
303.178
303.582
305.109
306.573
308.513
308.996
309.203
310.07
310.169
310.498
311.159
311.461
311.573
312.319
312.916
313.163
313.653
317.103
319.754
320.3
320.466
321.705
323.093
324.231
324.538
326.538
328.325
328.542
329.363
330.734
331.452
333.608
333.609
337.703
340.83
341.834
342.115
342.992
343.067
343.868
343.903
345.227
345.643
345.812
346.094
346.57
347.301
348.637
352.161
352.608
354.524
355.898
356.077
356.346
357.042
361.215
361.557
362.138
362.98
366.059
369.638
370.949
371.032
373.246
373.407
374.136
374.717
375.076
375.513
376.572
377.644
381.392
382.45
383.478
384.91
384.938
387.153
387.158
387.676
389.48
392.191
393.425
394.312
397.935
398.903
399.198
399.617
399.731
399.809
402.593
404.783
406.556
406.608
408.124
410.465
412.747
412.841
414.547
416.087
417.505
421.219
421.496
422.093
422.419
422.991
423.644
424.104
424.634
425.618
425.732
425.751
426.116
426.881
426.885
428.575
430.777
432.004
432.642
432.828
434.06
434.604
435.174
437.28
438.527
440.053
440.971
442.238
442.278
442.411
443.329
444.286
444.522
444.714
445.228
445.407
445.51
449.165
450.083
450.357
450.592
450.689
451.041
451.721
452.705
453.192
453.428
454.836
455.501
457.312
458.012
458.801
459.953
461.004
461.015
461.377
462.613
463.712
465.562
465.617
465.694
466.203
466.915
467.403
467.778
471.182
471.763
477.058
481.699
483.008
483.315
483.784
485.799
486.801
488.125
492.367
493.767
495.747
495.829
500.273
500.503
500.588
502.655
503.7
503.835
503.914
503.983
504.807
505.552
505.969
507.345
511.381
511.838
512.071
512.473
512.611
512.712
512.923
513.187
514.255
514.377
514.39
517.471
519.357
520.573
520.852
524.22
525.94
528.319
528.819
529.174
529.525
532.737
532.832
533.001
533.11
534.245
534.765
534.816
534.922
535.578
536.281
539.058
539.175
539.801
542.35
544.635
544.901
545.494
545.766
545.855
546.294
549
552.784
552.907
552.932
553.155
553.666
554.229
557.021
557.547
557.659
558.254
560.356
562.005
563.17
564.179
564.226
565.388
565.418
567.035
567.496
568.841
570.7
570.929
572.722
573.414
574.14
574.517
576.128
576.917
577.24
577.768
578.132
578.54
578.786
580.794
581.557
581.946
582.611
585.815
585.888
586.879
587.192
587.23
591.272
591.969
593.498
594.181
594.463
594.626
595.341
595.746
596.586
596.904
597.135
597.436
598.265
598.74
598.904
599.976
601.661
603.28
603.389
604.886
605.59
608.676
609.116
610.371
612.288
613.177
614.272
615.01
615.071
617.465
620.783
621.15
621.272
621.985
623.823
625.738
628.419
629.081
631.602
631.719
632.31
634.076
634.461
634.946
637.851
640.412
641.857
642.093
645.056
645.27
646.259
646.891
647.073
648.65
648.824
649.883
650.09
650.097
650.117
650.487
650.623
651.38
652.926
653.154
653.266
654.323
654.984
655.646
655.925
656.711
656.838
658.232
659.542
660.159
662.19
662.335
662.962
663.137
663.819
664.325
664.573
665.607
665.782
665.815
666.468
668.409
668.721
669.063
670.881
674.334
676.53
678.645
678.847
679.474
680.584
680.832
681.429
681.558
682.849
684.147
684.402
685.802
685.994
686.143
686.613
686.696
687.021
688.825
690.259
692.037
692.123
694.112
697.794
697.977
698.41
698.569
699.499
699.546
702.594
702.935
703.336
703.785
705.618
707.664
708.87
709.067
710.526
717.421
718.22
718.687
719.505
719.721
720.011
722.405
722.725
728.34
729.361
730.074
730.241
731.302
733.065
736.573
736.621
736.897
738.302
738.716
738.955
739.6
741.105
741.387
744.068
745.653
751.749
753.405
754.19
755.159
755.337
757.114
760.227
760.475
760.867
761.44
761.908
763.757
765.264
765.891
767.747
768.01
769.98
771.344
774.815
775.014
775.223
775.255
775.676
776.148
776.234
776.73
776.883
777.415
778.263
781.323
783.057
784.283
788.206
788.624
789.508
789.738
791.805
793.065
793.686
794.916
795.494
796.678
797.376
802.075
802.154
802.235
802.404
802.628
805.605
806.136
806.428
806.901
807.146
807.67
809.027
809.325
810.489
810.551
813.405
815.275
815.371
815.758
816.291
816.486
816.651
816.651
817.137
817.209
817.487
818.653
819.085
821.32
822.768
823.194
823.641
823.952
824.549
824.676
826.33
826.736
829.34
829.626
829.805
830.627
830.728
831.029
831.485
831.531
833.181
834.184
835.182
835.946
836.321
840.125
841.795
842.122
842.331
843.448
844.387
844.558
844.582
846.608
847.298
847.461
847.713
848.838
849.133
850.012
850.396
851.22
852.046
852.166
852.644
853.572
853.695
856.455
858.051
858.062
859.586
859.596
860.196
861.925
862.771
863.064
864.096
864.366
864.437
864.457
865.931
866.451
866.983
868.262
869.971
873.103
873.801
874.137
875.445
875.742
878.926
882.325
884.539
888.422
888.724
890.514
895.141
895.155
895.229
895.463
898.818
898.968
902.102
905.133
905.635
906.044
906.939
907.846
908.729
909.009
909.184
909.243
909.736
909.955
910.777
911.577
912.868
913.305
913.358
913.512
913.529
914.129
914.973
915.185
915.47
916
917.249
917.255
918.068
918.804
920.535
920.757
921.041
921.486
921.902
922.437
923.935
924.392
924.849
924.939
925.056
926.968
927.302
928.51
929.796
930.753
933.309
934.337
936.359
936.507
936.99
937.803
938.253
939.353
940.055
940.131
940.89
941.93
942.438
944.856
945.845
946.013
947.292
947.972
948.786
950.361
950.945
954.907
955.263
956.128
956.759
958.333
959.017
960.556
961.095
961.42
962.601
963.785
965.593
966.953
967.365
967.486
968.411
968.963
970.834
971.186
972.129
972.615
972.826
975.939
976.861
977.01
977.192
979.018
979.407
979.721
980.054
980.308
981.624
981.916
983.916
986.264
988.279
992.16
992.995
994.18
994.928
996.17
996.32
996.532
996.794
997.289
997.663
999.084
999.51
